0.400 0.040 0.300
rho0 P0 deta0
1.50200 3.67552 0.46777
1.50400 3.70941 0.46882
1.50600 3.74264 0.46988
1.50800 3.77522 0.47092
1.51000 3.80715 0.47197
1.51200 3.83847 0.47301
1.51400 3.86918 0.47405
1.51600 3.89930 0.47509
1.51800 3.92884 0.47612
1.52000 3.95782 0.47715
1.52200 3.98625 0.47817
1.52400 4.01413 0.47920
1.52600 4.04150 0.48022
1.52800 4.06835 0.48124
1.53000 4.09470 0.48225
1.53200 4.12056 0.48327
1.53400 4.14594 0.48428
1.53600 4.17085 0.48529
1.53800 4.19531 0.48629
1.54000 4.21932 0.48730
1.54200 4.24289 0.48830
1.54400 4.26604 0.48929
1.54600 4.28877 0.49029
1.54800 4.31109 0.49129
1.55000 4.33300 0.49228
1.55200 4.35453 0.49327
1.55400 4.37568 0.49426
1.55600 4.39645 0.49524
1.55800 4.41685 0.49623
1.56000 4.43689 0.49721
1.56200 4.45658 0.49819
1.56400 4.47593 0.49917
1.56600 4.49494 0.50014
1.56800 4.51362 0.50112
1.57000 4.53198 0.50209
1.57200 4.55001 0.50306
1.57400 4.56774 0.50403
1.57600 4.58517 0.50500
1.57800 4.60229 0.50596
1.58000 4.61912 0.50693
1.58200 4.63567 0.50789
1.58400 4.65193 0.50885
1.58600 4.66792 0.50982
1.58800 4.68364 0.51077
1.59000 4.69910 0.51173
1.59200 4.71429 0.51269
1.59400 4.72923 0.51364
1.59600 4.74392 0.51460
1.59800 4.75837 0.51555
1.60000 4.77257 0.51650
1.60200 4.78654 0.51745
1.60400 4.80027 0.51840
1.60600 4.81378 0.51935
1.60800 4.82706 0.52029
1.61000 4.84013 0.52124
1.61200 4.85298 0.52218
1.61400 4.86562 0.52312
1.61600 4.87805 0.52407
1.61800 4.89027 0.52501
1.62000 4.90230 0.52595
1.62200 4.91413 0.52689
1.62400 4.92577 0.52782
1.62600 4.93722 0.52876
1.62800 4.94848 0.52970
1.63000 4.95956 0.53063
1.63200 4.97046 0.53157
1.63400 4.98118 0.53250
1.63600 4.99173 0.53343
1.63800 5.00211 0.53436
1.64000 5.01232 0.53530
1.64200 5.02237 0.53623
1.64400 5.03225 0.53716
1.64600 5.04198 0.53808
1.64800 5.05155 0.53901
1.65000 5.06096 0.53994
1.65200 5.07023 0.54087
1.65400 5.07934 0.54179
1.65600 5.08831 0.54272
1.65800 5.09714 0.54364
1.66000 5.10582 0.54457
1.66200 5.11437 0.54549
1.66400 5.12278 0.54641
1.66600 5.13105 0.54733
1.66800 5.13919 0.54826
1.67000 5.14720 0.54918
1.67200 5.15509 0.55010
1.67400 5.16284 0.55102
1.67600 5.17048 0.55194
1.67800 5.17799 0.55286
1.68000 5.18538 0.55378
1.68200 5.19266 0.55469
1.68400 5.19981 0.55561
1.68600 5.20685 0.55653
1.68800 5.21379 0.55744
1.69000 5.22061 0.55836
1.69200 5.22732 0.55928
1.69400 5.23392 0.56019
1.69600 5.24042 0.56111
1.69800 5.24681 0.56202
1.70000 5.25310 0.56294
1.70200 5.25930 0.56385
1.70400 5.26539 0.56476
1.70600 5.27138 0.56568
1.70800 5.27728 0.56659
1.71000 5.28308 0.56750
1.71200 5.28879 0.56841
1.71400 5.29441 0.56932
1.71600 5.29994 0.57024
1.71800 5.30538 0.57115
1.72000 5.31073 0.57206
1.72200 5.31600 0.57297
1.72400 5.32118 0.57388
1.72600 5.32627 0.57479
1.72800 5.33129 0.57570
1.73000 5.33622 0.57661
1.73200 5.34107 0.57752
1.73400 5.34585 0.57843
1.73600 5.35054 0.57934
1.73800 5.35516 0.58025
1.74000 5.35971 0.58115
1.74200 5.36418 0.58206
1.74400 5.36858 0.58297
1.74600 5.37290 0.58388
1.74800 5.37715 0.58479
1.75000 5.38134 0.58570
1.75200 5.38545 0.58660
1.75400 5.38950 0.58751
1.75600 5.39348 0.58842
1.75800 5.39740 0.58932
1.76000 5.40124 0.59023
1.76200 5.40503 0.59114
1.76400 5.40875 0.59205
1.76600 5.41241 0.59295
1.76800 5.41601 0.59386
1.77000 5.41955 0.59476
1.77200 5.42303 0.59567
1.77400 5.42645 0.59658
1.77600 5.42981 0.59748
1.77800 5.43311 0.59839
1.78000 5.43636 0.59930
1.78200 5.43955 0.60020
1.78400 5.44269 0.60111
1.78600 5.44578 0.60201
1.78800 5.44881 0.60292
1.79000 5.45179 0.60383
1.79200 5.45472 0.60473
1.79400 5.45759 0.60564
1.79600 5.46042 0.60654
1.79800 5.46320 0.60745
1.80000 5.46592 0.60835
1.80200 5.46860 0.60926
1.80400 5.47124 0.61016
1.80600 5.47382 0.61107
1.80800 5.47636 0.61198
1.81000 5.47886 0.61288
1.81200 5.48131 0.61379
1.81400 5.48371 0.61469
1.81600 5.48607 0.61560
1.81800 5.48839 0.61650
1.82000 5.49067 0.61741
1.82200 5.49291 0.61831
1.82400 5.49510 0.61922
1.82600 5.49725 0.62013
1.82800 5.49937 0.62103
1.83000 5.50144 0.62194
1.83200 5.50347 0.62284
1.83400 5.50547 0.62375
1.83600 5.50743 0.62466
1.83800 5.50935 0.62556
1.84000 5.51123 0.62647
1.84200 5.51308 0.62737
1.84400 5.51489 0.62828
1.84600 5.51667 0.62919
1.84800 5.51841 0.63009
1.85000 5.52012 0.63100
1.85200 5.52179 0.63190
1.85400 5.52343 0.63281
1.85600 5.52504 0.63372
1.85800 5.52662 0.63462
1.86000 5.52816 0.63553
1.86200 5.52967 0.63644
1.86400 5.53115 0.63735
1.86600 5.53260 0.63825
1.86800 5.53402 0.63916
1.87000 5.53541 0.64007
1.87200 5.53677 0.64097
1.87400 5.53810 0.64188
1.87600 5.53940 0.64279
1.87800 5.54067 0.64370
1.88000 5.54191 0.64460
1.88200 5.54313 0.64551
1.88400 5.54432 0.64642
1.88600 5.54548 0.64733
1.88800 5.54662 0.64824
1.89000 5.54773 0.64915
1.89200 5.54882 0.65005
1.89400 5.54988 0.65096
1.89600 5.55091 0.65187
1.89800 5.55192 0.65278
1.90000 5.55291 0.65369
1.90200 5.55387 0.65460
1.90400 5.55481 0.65551
1.90600 5.55572 0.65642
1.90800 5.55661 0.65733
1.91000 5.55748 0.65824
1.91200 5.55832 0.65915
1.91400 5.55915 0.66006
1.91600 5.55995 0.66097
1.91800 5.56073 0.66188
1.92000 5.56149 0.66279
1.92200 5.56223 0.66370
1.92400 5.56294 0.66461
1.92600 5.56364 0.66552
1.92800 5.56432 0.66643
1.93000 5.56498 0.66735
1.93200 5.56561 0.66826
1.93400 5.56623 0.66917
1.93600 5.56683 0.67008
1.93800 5.56741 0.67099
1.94000 5.56797 0.67191
1.94200 5.56852 0.67282
1.94400 5.56904 0.67373
1.94600 5.56955 0.67464
1.94800 5.57004 0.67556
1.95000 5.57051 0.67647
1.95200 5.57097 0.67738
1.95400 5.57141 0.67830
1.95600 5.57183 0.67921
1.95800 5.57223 0.68013
1.96000 5.57262 0.68104
1.96200 5.57300 0.68196
1.96400 5.57335 0.68287
1.96600 5.57370 0.68379
1.96800 5.57402 0.68470
1.97000 5.57434 0.68562
1.97200 5.57463 0.68653
1.97400 5.57492 0.68745
1.97600 5.57519 0.68836
1.97800 5.57544 0.68928
1.98000 5.57568 0.69020
1.98200 5.57591 0.69111
1.98400 5.57612 0.69203
1.98600 5.57632 0.69295
1.98800 5.57650 0.69386
1.99000 5.57667 0.69478
1.99200 5.57683 0.69570
1.99400 5.57698 0.69662
1.99600 5.57712 0.69753
1.99800 5.57724 0.69845
2.00000 5.57735 0.69937
2.00200 5.57745 0.70029
2.00400 5.57753 0.70121
2.00600 5.57761 0.70213
2.00800 5.57767 0.70305
2.01000 5.57772 0.70397
2.01200 5.57776 0.70489
2.01400 5.57779 0.70581
2.01600 5.57781 0.70673
2.01800 5.57781 0.70765
2.02000 5.57781 0.70857
2.02200 5.57780 0.70949
2.02400 5.57777 0.71041
2.02600 5.57774 0.71133
2.02800 5.57769 0.71226
2.03000 5.57764 0.71318
2.03200 5.57758 0.71410
2.03400 5.57750 0.71502
2.03600 5.57742 0.71595
2.03800 5.57733 0.71687
2.04000 5.57723 0.71779
2.04200 5.57712 0.71872
2.04400 5.57700 0.71964
2.04600 5.57687 0.72056
2.04800 5.57674 0.72149
2.05000 5.57659 0.72241
2.05200 5.57644 0.72334
2.05400 5.57628 0.72426
2.05600 5.57611 0.72519
2.05800 5.57593 0.72611
2.06000 5.57574 0.72704
2.06200 5.57555 0.72797
2.06400 5.57535 0.72889
2.06600 5.57514 0.72982
2.06800 5.57493 0.73075
2.07000 5.57470 0.73167
2.07200 5.57447 0.73260
2.07400 5.57423 0.73353
2.07600 5.57399 0.73446
2.07800 5.57374 0.73538
2.08000 5.57348 0.73631
2.08200 5.57322 0.73724
2.08400 5.57295 0.73817
2.08600 5.57267 0.73910
2.08800 5.57238 0.74003
2.09000 5.57209 0.74096
2.09200 5.57180 0.74189
2.09400 5.57149 0.74282
2.09600 5.57119 0.74375
2.09800 5.57087 0.74468
2.10000 5.57055 0.74561
2.10200 5.57023 0.74655
2.10400 5.56989 0.74748
2.10600 5.56956 0.74841
2.10800 5.56922 0.74934
2.11000 5.56887 0.75027
2.11200 5.56852 0.75121
2.11400 5.56816 0.75214
2.11600 5.56779 0.75307
2.11800 5.56743 0.75401
2.12000 5.56705 0.75494
2.12200 5.56668 0.75588
2.12400 5.56629 0.75681
2.12600 5.56591 0.75775
2.12800 5.56552 0.75868
2.13000 5.56512 0.75962
2.13200 5.56472 0.76055
2.13400 5.56431 0.76149
2.13600 5.56391 0.76242
2.13800 5.56349 0.76336
2.14000 5.56308 0.76430
2.14200 5.56265 0.76524
2.14400 5.56223 0.76617
2.14600 5.56180 0.76711
2.14800 5.56137 0.76805
2.15000 5.56093 0.76899
2.15200 5.56049 0.76993
2.15400 5.56005 0.77086
2.15600 5.55960 0.77180
2.15800 5.55915 0.77274
2.16000 5.55869 0.77368
2.16200 5.55823 0.77462
2.16400 5.55777 0.77556
2.16600 5.55731 0.77650
2.16800 5.55684 0.77745
2.17000 5.55637 0.77839
2.17200 5.55590 0.77933
2.17400 5.55542 0.78027
2.17600 5.55494 0.78121
2.17800 5.55446 0.78216
2.18000 5.55397 0.78310
2.18200 5.55349 0.78404
2.18400 5.55300 0.78499
2.18600 5.55250 0.78593
2.18800 5.55201 0.78687
2.19000 5.55151 0.78782
2.19200 5.55101 0.78876
2.19400 5.55051 0.78971
2.19600 5.55000 0.79065
2.19800 5.54949 0.79160
2.20000 5.54898 0.79254
2.20200 5.54847 0.79349
2.20400 5.54796 0.79444
2.20600 5.54744 0.79538
2.20800 5.54692 0.79633
2.21000 5.54640 0.79728
2.21200 5.54588 0.79823
2.21400 5.54535 0.79918
2.21600 5.54483 0.80012
2.21800 5.54430 0.80107
2.22000 5.54377 0.80202
2.22200 5.54324 0.80297
2.22400 5.54271 0.80392
2.22600 5.54217 0.80487
2.22800 5.54164 0.80582
2.23000 5.54110 0.80677
2.23200 5.54056 0.80772
2.23400 5.54002 0.80867
2.23600 5.53948 0.80963
2.23800 5.53893 0.81058
2.24000 5.53839 0.81153
2.24200 5.53784 0.81248
2.24400 5.53730 0.81344
2.24600 5.53675 0.81439
2.24800 5.53620 0.81534
2.25000 5.53565 0.81630
2.25200 5.53510 0.81725
2.25400 5.53454 0.81821
2.25600 5.53399 0.81916
2.25800 5.53343 0.82012
2.26000 5.53288 0.82107
2.26200 5.53232 0.82203
2.26400 5.53176 0.82298
2.26600 5.53121 0.82394
2.26800 5.53065 0.82490
2.27000 5.53009 0.82585
2.27200 5.52953 0.82681
2.27400 5.52897 0.82777
2.27600 5.52840 0.82873
2.27800 5.52784 0.82969
2.28000 5.52728 0.83065
2.28200 5.52671 0.83160
2.28400 5.52615 0.83256
2.28600 5.52559 0.83352
2.28800 5.52502 0.83448
2.29000 5.52445 0.83545
2.29200 5.52389 0.83641
2.29400 5.52332 0.83737
2.29600 5.52276 0.83833
2.29800 5.52219 0.83929
2.30000 5.52162 0.84025
1.61000 4.84013 0.52124
1.62000 4.90230 0.52595
1.63000 4.95956 0.53063
1.64000 5.01232 0.53530
1.65000 5.06096 0.53994
1.66000 5.10582 0.54457
1.67000 5.14720 0.54918
1.68000 5.18538 0.55378
1.69000 5.22061 0.55836
1.70000 5.25310 0.56294
1.71000 5.28308 0.56750
1.72000 5.31073 0.57206
1.73000 5.33622 0.57661
1.74000 5.35971 0.58115
1.75000 5.38134 0.58570
1.76000 5.40124 0.59023
1.77000 5.41955 0.59476
1.78000 5.43636 0.59930
1.79000 5.45179 0.60383
1.80000 5.46592 0.60835
1.81000 5.47886 0.61288
1.82000 5.49067 0.61741
1.83000 5.50144 0.62194
1.84000 5.51123 0.62647
1.85000 5.52012 0.63100
1.86000 5.52816 0.63553
1.87000 5.53541 0.64007
1.88000 5.54191 0.64460
1.89000 5.54773 0.64915
1.90000 5.55291 0.65369
1.91000 5.55748 0.65824
1.92000 5.56149 0.66279
1.93000 5.56498 0.66735
1.94000 5.56797 0.67191
1.95000 5.57051 0.67647
1.96000 5.57262 0.68104
1.97000 5.57434 0.68562
1.98000 5.57568 0.69020
1.99000 5.57667 0.69478
2.00000 5.57735 0.69937
2.01000 5.57772 0.70397
2.02000 5.57781 0.70857
2.03000 5.57764 0.71318
2.04000 5.57723 0.71779
2.05000 5.57659 0.72241
2.06000 5.57574 0.72704
2.07000 5.57470 0.73167
2.08000 5.57348 0.73631
2.09000 5.57209 0.74096
2.10000 5.57055 0.74561
2.11000 5.56887 0.75027
2.12000 5.56705 0.75494
2.13000 5.56512 0.75962
2.14000 5.56308 0.76430
2.15000 5.56093 0.76899
2.16000 5.55869 0.77368
2.17000 5.55637 0.77839
2.18000 5.55397 0.78310
2.19000 5.55151 0.78782
2.20000 5.54898 0.79254
2.21000 5.54640 0.79728
2.22000 5.54377 0.80202
2.23000 5.54110 0.80677
2.24000 5.53839 0.81153
2.25000 5.53565 0.81630
2.26000 5.53288 0.82107
2.27000 5.53009 0.82585
2.28000 5.52728 0.83065
2.29000 5.52445 0.83545
2.30000 5.52162 0.84025
2.31000 5.51878 0.84507
2.32000 5.51594 0.84989
2.33000 5.51310 0.85473
2.34000 5.51026 0.85957
2.35000 5.50743 0.86442
2.36000 5.50461 0.86928
2.37000 5.50180 0.87415
2.38000 5.49900 0.87903
2.39000 5.49622 0.88392
2.40000 5.49346 0.88881
2.41000 5.49072 0.89372
2.42000 5.48800 0.89863
2.43000 5.48531 0.90356
2.44000 5.48264 0.90849
2.45000 5.48000 0.91343
2.46000 5.47739 0.91838
2.47000 5.47482 0.92334
2.48000 5.47227 0.92832
2.49000 5.46975 0.93330
2.50000 5.46727 0.93829
2.51000 5.46483 0.94329
2.52000 5.46242 0.94830
2.53000 5.46005 0.95332
2.54000 5.45772 0.95835
2.55000 5.45543 0.96339
2.56000 5.45317 0.96844
2.57000 5.45096 0.97350
2.58000 5.44879 0.97857
2.59000 5.44666 0.98366
2.60000 5.44457 0.98875
1.61000 4.84013 0.52124
1.62000 4.90230 0.52595
1.63000 4.95956 0.53063
1.64000 5.01232 0.53530
1.65000 5.06096 0.53994
1.66000 5.10582 0.54457
1.67000 5.14720 0.54918
1.68000 5.18538 0.55378
1.69000 5.22061 0.55836
1.70000 5.25310 0.56294
1.71000 5.28308 0.56750
1.72000 5.31073 0.57206
1.73000 5.33622 0.57661
1.74000 5.35971 0.58115
1.75000 5.38134 0.58570
1.61000 4.84013 0.52124
1.62000 4.90230 0.52595
1.63000 4.95956 0.53063
1.64000 5.01232 0.53530
1.65000 5.06096 0.53994
1.66000 5.10582 0.54457
1.67000 5.14720 0.54918
1.68000 5.18538 0.55378
1.69000 5.22061 0.55836
1.70000 5.25310 0.56294
1.71000 5.28308 0.56750
1.72000 5.31073 0.57206
1.73000 5.33622 0.57661
1.74000 5.35971 0.58115
1.75000 5.38134 0.58570
1.76000 5.40124 0.59023
1.77000 5.41955 0.59476
1.78000 5.43636 0.59930
1.79000 5.45179 0.60383
1.80000 5.46592 0.60835
1.81000 5.47886 0.61288
1.82000 5.49067 0.61741
1.83000 5.50144 0.62194
1.84000 5.51123 0.62647
1.85000 5.52012 0.63100
1.86000 5.52816 0.63553
1.87000 5.53541 0.64007
1.88000 5.54191 0.64460
1.89000 5.54773 0.64915
1.90000 5.55291 0.65369
1.91000 5.55748 0.65824
1.92000 5.56149 0.66279
1.93000 5.56498 0.66735
1.94000 5.56797 0.67191
1.95000 5.57051 0.67647
1.96000 5.57262 0.68104
1.97000 5.57434 0.68562
1.98000 5.57568 0.69020
1.99000 5.57667 0.69478
2.00000 5.57735 0.69937
2.01000 5.57772 0.70397
2.02000 5.57781 0.70857
2.03000 5.57764 0.71318
2.04000 5.57723 0.71779
2.05000 5.57659 0.72241
2.06000 5.57574 0.72704
2.07000 5.57470 0.73167
2.08000 5.57348 0.73631
2.09000 5.57209 0.74096
2.10000 5.57055 0.74561
2.11000 5.56887 0.75027
2.12000 5.56705 0.75494
2.13000 5.56512 0.75962
2.14000 5.56308 0.76430
2.15000 5.56093 0.76899
2.16000 5.55869 0.77368
2.17000 5.55637 0.77839
2.18000 5.55397 0.78310
2.19000 5.55151 0.78782
2.20000 5.54898 0.79254
2.21000 5.54640 0.79728
2.22000 5.54377 0.80202
2.23000 5.54110 0.80677
2.24000 5.53839 0.81153
2.25000 5.53565 0.81630
2.26000 5.53288 0.82107
2.27000 5.53009 0.82585
2.28000 5.52728 0.83065
2.29000 5.52445 0.83545
2.30000 5.52162 0.84025
2.31000 5.51878 0.84507
2.32000 5.51594 0.84989
2.33000 5.51310 0.85473
2.34000 5.51026 0.85957
2.35000 5.50743 0.86442
2.36000 5.50461 0.86928
2.37000 5.50180 0.87415
2.38000 5.49900 0.87903
2.39000 5.49622 0.88392
2.40000 5.49346 0.88881
2.41000 5.49072 0.89372
2.42000 5.48800 0.89863
2.43000 5.48531 0.90356
2.44000 5.48264 0.90849
2.45000 5.48000 0.91343
2.46000 5.47739 0.91838
2.47000 5.47482 0.92334
2.48000 5.47227 0.92832
2.49000 5.46975 0.93330
2.50000 5.46727 0.93829
2.51000 5.46483 0.94329
2.52000 5.46242 0.94830
2.53000 5.46005 0.95332
2.54000 5.45772 0.95835
2.55000 5.45543 0.96339
2.56000 5.45317 0.96844
2.57000 5.45096 0.97350
2.58000 5.44879 0.97857
2.59000 5.44666 0.98366
2.60000 5.44457 0.98875
2.61000 5.44253 0.99385
2.62000 5.44052 0.99896
2.63000 5.43857 1.00409
2.64000 5.43665 1.00922
2.65000 5.43478 1.01437
2.66000 5.43296 1.01953
2.67000 5.43118 1.02469
2.68000 5.42945 1.02987
2.69000 5.42776 1.03506
2.70000 5.42612 1.04026
2.71000 5.42452 1.04548
2.72000 5.42297 1.05070
2.73000 5.42147 1.05594
2.74000 5.42001 1.06118
2.75000 5.41860 1.06644
2.76000 5.41724 1.07171
2.77000 5.41592 1.07700
2.78000 5.41466 1.08229
2.79000 5.41343 1.08760
2.80000 5.41226 1.09292
2.81000 5.41113 1.09825
2.82000 5.41005 1.10359
2.83000 5.40901 1.10895
2.84000 5.40802 1.11431
2.85000 5.40708 1.11970
2.86000 5.40618 1.12509
2.87000 5.40534 1.13050
2.88000 5.40453 1.13592
2.89000 5.40378 1.14135
2.90000 5.40307 1.14679
2.91000 5.40240 1.15225
2.92000 5.40179 1.15773
2.93000 5.40121 1.16321
2.94000 5.40069 1.16871
2.95000 5.40021 1.17423
2.96000 5.39977 1.17976
2.97000 5.39938 1.18530
2.98000 5.39904 1.19085
2.99000 5.39874 1.19642
3.00000 5.39849 1.20201
3.01000 5.39828 1.20761
3.02000 5.39811 1.21322
3.03000 5.39799 1.21885
3.04000 5.39792 1.22449
3.05000 5.39788 1.23015
3.06000 5.39789 1.23583
3.07000 5.39795 1.24152
3.08000 5.39805 1.24722
3.09000 5.39819 1.25294
3.10000 5.39837 1.25868
3.11000 5.39860 1.26443
3.12000 5.39887 1.27020
3.13000 5.39919 1.27598
3.14000 5.39954 1.28179
3.15000 5.39994 1.28760
3.16000 5.40038 1.29344
3.17000 5.40086 1.29929
3.18000 5.40138 1.30516
3.19000 5.40194 1.31105
3.20000 5.40255 1.31695
3.21000 5.40320 1.32287
3.22000 5.40388 1.32881
3.23000 5.40461 1.33477
3.24000 5.40538 1.34074
3.25000 5.40619 1.34674
3.26000 5.40703 1.35275
3.27000 5.40792 1.35878
3.28000 5.40885 1.36484
3.29000 5.40982 1.37091
3.30000 5.41082 1.37700
3.31000 5.41187 1.38310
3.32000 5.41296 1.38923
3.33000 5.41408 1.39538
3.34000 5.41524 1.40155
3.35000 5.41644 1.40774
3.36000 5.41768 1.41396
3.37000 5.41896 1.42019
3.38000 5.42027 1.42644
3.39000 5.42163 1.43272
3.40000 5.42302 1.43902
3.41000 5.42445 1.44534
3.42000 5.42591 1.45168
3.43000 5.42741 1.45804
3.44000 5.42895 1.46443
3.45000 5.43053 1.47084
3.46000 5.43215 1.47727
3.47000 5.43380 1.48373
3.48000 5.43548 1.49021
3.49000 5.43721 1.49672
3.50000 5.43897 1.50325
3.51000 5.44076 1.50981
3.52000 5.44259 1.51639
3.53000 5.44446 1.52300
3.54000 5.44637 1.52963
3.55000 5.44831 1.53629
3.56000 5.45028 1.54297
3.57000 5.45229 1.54969
3.58000 5.45434 1.55643
3.59000 5.45642 1.56319
3.60000 5.45854 1.56999
3.61000 5.46069 1.57681
3.62000 5.46288 1.58367
3.63000 5.46510 1.59055
3.64000 5.46736 1.59745
3.65000 5.46965 1.60439
3.66000 5.47198 1.61137
3.67000 5.47434 1.61837
3.68000 5.47674 1.62540
3.69000 5.47917 1.63247
3.70000 5.48164 1.63957
3.71000 5.48414 1.64670
3.72000 5.48668 1.65386
3.73000 5.48925 1.66106
3.74000 5.49185 1.66829
3.75000 5.49449 1.67555
3.76000 5.49717 1.68285
3.77000 5.49988 1.69019
3.78000 5.50262 1.69756
3.79000 5.50540 1.70497
3.80000 5.50821 1.71242
3.81000 5.51106 1.71991
3.82000 5.51394 1.72743
3.83000 5.51686 1.73499
3.84000 5.51981 1.74259
3.85000 5.52280 1.75024
3.86000 5.52582 1.75792
3.87000 5.52888 1.76564
3.88000 5.53197 1.77341
3.89000 5.53509 1.78122
3.90000 5.53825 1.78908
3.91000 5.54145 1.79697
3.92000 5.54468 1.80492
3.93000 5.54795 1.81291
3.94000 5.55126 1.82095
3.95000 5.55459 1.82903
3.96000 5.55797 1.83716
3.97000 5.56138 1.84535
3.98000 5.56483 1.85358
3.99000 5.56831 1.86187
4.00000 5.57183 1.87020
4.01000 5.57539 1.87859
4.02000 5.57896 1.88702
4.03000 5.58259 1.89551
4.04000 5.58625 1.90407
4.05000 5.58996 1.91268
4.06000 5.59370 1.92134
4.07000 5.59747 1.93007
4.08000 5.60129 1.93886
4.09000 5.60515 1.94771
4.10000 5.60904 1.95662
4.11000 5.61297 1.96560
4.12000 5.61694 1.97464
4.13000 5.62095 1.98375
4.14000 5.62501 1.99293
4.15000 5.62910 2.00218
4.16000 5.63323 2.01150
4.17000 5.63740 2.02089
4.18000 5.64161 2.03036
4.19000 5.64587 2.03990
4.20000 5.65016 2.04953
4.21000 5.65450 2.05923
4.22000 5.65889 2.06901
4.23000 5.66331 2.07888
4.24000 5.66778 2.08883
4.25000 5.67230 2.09888
4.26000 5.67686 2.10901
4.27000 5.68147 2.11924
4.28000 5.68612 2.12956
4.29000 5.69082 2.13997
4.30000 5.69557 2.15049
4.31000 5.70037 2.16111
4.32000 5.70522 2.17184
4.33000 5.71012 2.18268
4.34000 5.71507 2.19363
4.35000 5.72007 2.20469
4.36000 5.72512 2.21587
4.37000 5.73023 2.22718
4.38000 5.73539 2.23861
4.39000 5.74062 2.25017
4.40000 5.74589 2.26186
4.41000 5.75123 2.27369
4.42000 5.75663 2.28567
4.43000 5.76208 2.29779
4.44000 5.76760 2.31007
4.45000 5.77319 2.32250
4.46000 5.77884 2.33510
4.47000 5.78456 2.34787
4.48000 5.79035 2.36082
4.49000 5.79620 2.37395
4.50000 5.80214 2.38727
4.51000 5.80814 2.40078
4.52000 5.81423 2.41451
4.53000 5.82040 2.42845
4.54000 5.82664 2.44261
4.55000 5.83298 2.45701
4.56000 5.83940 2.47166
4.57000 5.84592 2.48656
4.58000 5.85253 2.50173
4.59000 5.85924 2.51719
4.60000 5.86605 2.53295
4.61000 5.87297 2.54902
4.62000 5.88000 2.56542
4.63000 5.88715 2.58218
4.64000 5.89443 2.59931
4.65000 5.90183 2.61683
4.66000 5.90937 2.63478
4.67000 5.91705 2.65317
4.68000 5.92489 2.67205
4.69000 5.93289 2.69145
4.70000 5.94105 2.71140
4.71000 5.94941 2.73196
4.72000 5.95796 2.75318
4.73000 5.96672 2.77510
4.74000 5.97571 2.79781
4.75000 5.98495 2.82139
4.76000 5.99448 2.84595
4.77000 6.00430 2.87154
4.78000 6.01444 2.89835
4.79000 6.02496 2.92652
4.80000 6.03590 2.95627
4.80500 6.04155 2.95627
4.81000 6.04732 2.98785
4.81200 6.04967 2.98785
4.81400 6.05204 2.98785
4.81500 6.05324 2.98785
4.81600 6.05444 2.98785
4.82000 6.05931 3.02161
4.83000 6.07195 3.05801
