95.7507 96.4889 15.7613 97.0593
95.7167 48.5376 80.0280 14.1886
42.1761 91.5736 79.2207 95.9492
65.5741 3.5712 84.9129 93.3993
67.8735 75.7740 74.3132 39.2227
65.5478 17.1187 70.6046 3.1833
27.6923 4.6171 9.7132 82.3458
69.4829 31.7099 95.0222 3.4446
43.8744 38.1558 76.5517 79.5200
18.6873 48.9764 44.5586 64.6313
70.9365 75.4687 27.6025 67.9703
65.5098 16.2612 11.8998 49.8364
95.9744 34.0386 58.5268 22.3812
75.1267 25.5095 50.5957 69.9077
89.0903 95.9291 54.7216 13.8624
14.9294 25.7508 84.0717 25.4282
